880.557456140351,725.543201754386,163.794736842105,-89.2423245614035,-117.875219298246,-6.48223684210526,7.80701754385965,-10.1289473684211,206.568640350877,113.291885964912,-27.6537280701754,-75.8313596491228,-23.0649122807018,-188.146052631579,17.7436403508772,-41.8657894736842,-39.8793859649123,-4.47456140350877,15.6513157894737,34.2456140350877,41.0394736842105,18.2896929824561,-13.0883771929825,-24.144298245614,47.5789473684211,2.17850877192982,16.4462719298246,37.4666666666667,36.7230263157895,7.54517543859649,-9.72631578947368,-37.5997807017544,34.4263157894737,10.9353070175439,-76.0339912280702,-5.43618421052632,-20.268201754386,-22.2164473684211,-42.6467105263158,51.1120614035088,51.2798245614035,19.9826754385965,-62.1649122807018,0.793421052631579,-93.0458333333333,-28.9800438596491,-39.8032894736842,-36.9583333333333,49.6405701754386,62.4184210526316,-23.3980263157895,7.38267543859649,95.0640350877193,79.3925438596491,37.8118421052632,11.3436403508772,-41.1717105263158,33.2078947368421,107.658114035088,96.856798245614,-101.403289473684,-59.8995614035088,-54.3872807017544,-55.5206140350877,-67.3552631578947,-17.5280701754386,0.37390350877193,50.8017543859649,-8.88662280701754,-34.9837719298246,-36.1541666666667,8.26798245614035,5.80767543859649,9.14100877192982,-56.4907894736842,-41.7118421052632,-55.5313596491228,6.37916666666667,-22.1620614035088
725.543201754386,1601.36304824561,734.044736842105,-132.962609649123,-233.459320175439,31.0371710526316,38.9929824561404,-84.3934210526316,-6.17949561403509,-45.5612938596491,203.976425438596,209.91524122807,107.067543859649,-99.8138157894737,149.640899122807,-89.0302631578947,-29.0015350877193,53.4495614035088,60.5769736842105,18.9175438596491,-30.4092105263158,15.7915570175439,111.873574561404,88.2449561403509,71.6842105263158,-7.48837719298246,14.3632675438596,44.1701754385965,44.1819078947368,-17.647149122807,-44.0947368421053,-49.2110745614035,27.5921052631579,31.2722587719298,25.0060307017544,40.1483552631579,0.412609649122807,-38.585197368421,19.3167763157895,49.0356359649123,48.7741228070175,39.1854166666667,-33.9245614035088,33.6901315789474,7.74089912280702,30.3974780701754,-48.1970394736842,-11.7989035087719,57.1512061403509,7.82236842105263,-57.4207236842105,33.7538377192982,125.360964912281,53.0449561403509,52.3651315789474,37.6303728070175,-38.3128289473684,74.7434210526316,125.444188596491,58.7685307017544,-129.675986842105,-90.9774122807018,-84.8423245614035,-50.6984649122807,-82.1907894736842,-34.5061403508772,-118.055811403509,-69.6675438596491,-169.90975877193,-105.11951754386,-86.4093201754386,-5.30679824561404,7.61765350877193,13.5474780701754,-79.2940789473684,-96.2940789473684,-95.0873903508772,-22.5689692982456,-50.3895833333333
163.794736842105,734.044736842105,513.978947368421,-34.6447368421053,-77.0921052631579,3.80263157894737,47.2526315789474,-36.5684210526316,-143.207894736842,-115.728947368421,47.25,113.160526315789,22.7368421052632,-23.6578947368421,82.85,-23.6631578947368,-7.7421052631579,31.6315789473684,44.1736842105263,6.62105263157895,-51.7578947368421,-36.9763157894737,78.9394736842105,72.0052631578947,48.0210526315789,1.3,18.6184210526316,28.4526315789474,27.9289473684211,6.39473684210526,-21.0842105263158,-15.2710526315789,17.6315789473684,34.0447368421053,58.3078947368421,21.4289473684211,25.9605263157895,5.67631578947368,38.3026315789474,17.1973684210526,2.06315789473684,-2.74473684210526,9.56842105263158,26.5315789473684,34.0815789473684,60.5131578947368,30.7605263157895,17.9210526315789,1.28684210526316,-9.24210526315789,-46.0605263157895,26.4342105263158,53.1473684210526,22.9736842105263,41.5105263157895,43.0289473684211,13.8026315789474,49.7368421052632,55.9815789473684,-21.6657894736842,-60.7868421052632,-6.61578947368421,-1.60526315789474,16.4157894736842,4.25263157894737,10.4,-36.3447368421053,-22.5578947368421,-48.2921052631579,-47.2263157894737,-42.1026315789474,-16.0684210526316,-13.5815789473684,-27.2657894736842,-14.3631578947368,-28.6684210526316,-40.1868421052632,-15.25,-28.1236842105263
-89.2423245614035,-132.962609649123,-34.6447368421053,463.234100877193,485.317653508772,56.9825657894737,-14.9859649122807,9.79868421052632,174.908004385965,32.0485745614035,127.549451754386,335.097478070175,-150.485087719298,99.5111842105263,-36.0781798245614,14.5513157894737,51.7866228070175,58.3311403508772,4.0625,-40.8719298245614,-40.196052631579,-36.5472587719298,-36.3573464912281,-105.045833333333,15.0421052631579,4.1155701754386,4.79418859649123,9.93859649122807,-10.6884868421053,-24.4905701754386,-13.5473684210526,-62.4183114035088,-60.8026315789474,-18.3928728070175,-6.57752192982456,12.1950657894737,-5.58936403508772,17.7680921052632,25.3319078947368,0.327083333333333,-60.6811403508772,-0.31655701754386,-57.3456140350877,-67.008552631579,-29.0518640350877,-18.0189692982456,50.5115131578947,-38.8160087719298,-111.798135964912,12.7513157894737,-2.65427631578947,1.05186403508772,-62.4258771929825,-19.2247807017544,-13.4467105263158,-11.046600877193,23.20625,-24.9065789473684,-40.263048245614,-38.7268640350877,7.33782894736842,0.73969298245614,-0.293640350877193,-40.4760964912281,-34.2460526315789,-29.7114035087719,-49.8472587719298,-12.2833333333333,70.3172149122807,92.3449561403509,39.6571271929825,14.5655701754386,-1.71984649122807,2.42050438596491,18.6177631578947,21.3125,29.8790570175439,22.6343201754386,27.7163377192982
-117.875219298246,-233.459320175439,-77.0921052631579,485.317653508772,685.176206140351,114.704276315789,63.4035087719298,21.9065789473684,195.929714912281,9.7452850877193,175.261951754386,613.708662280702,-48.5429824561404,178.883552631579,-7.83673245614035,14.4907894736842,40.443201754386,19.6232456140351,-24.4677631578947,-66.1456140350877,-32.2355263157895,-48.825548245614,-74.611951754386,-134.036622807018,0.2,29.272149122807,11.6382675438596,20.6754385964912,-7.75098684210526,-12.9392543859649,-5.66315789473684,-29.8176535087719,-61.071052631579,-19.3553728070175,-22.3110745614035,16.3391447368421,-5.40449561403509,17.6555921052632,21.7917763157895,-21.2735745614035,-70.6416666666667,2.23146929824561,-39.3140350877193,-29.8282894736842,-11.5367324561404,-52.7906798245614,6.52269736842105,-62.7646929824561,-131.329057017544,-3.225,14.9200657894737,1.64199561403509,-54.5179824561404,16.9107456140351,18.3993421052632,6.03695175438596,61.3858552631579,-6.08289473684211,-29.0887061403509,-5.52489035087719,11.7490131578947,22.3673245614035,26.0813596491228,4.26732456140351,24.4460526315789,-19.2956140350877,-26.6097587719298,13.3535087719298,117.204714912281,125.277850877193,47.6893640350877,-5.55679824561404,-10.1915570175439,-21.0933114035088,18.9348684210526,21.9559210526316,14.9165570175439,7.29813596491228,25.809100877193
-6.48223684210526,31.0371710526316,3.80263157894737,56.9825657894737,114.704276315789,746.520065789474,618.768421052632,105.622368421053,-89.4615131578947,472.168092105263,601.649671052632,664.927960526316,400.428947368421,103.409868421053,76.4036184210526,15.0381578947368,39.6256578947368,-15.3171052631579,-13.0256578947368,-43.7210526315789,-37.7092105263158,-53.9851973684211,-23.2101973684211,7.75986842105263,54.0421052631579,27.7809210526316,9.99440789473684,-2.45789473684211,-1.94572368421053,-13.1638157894737,-54.4736842105263,-32.0930921052632,38.2026315789474,39.0674342105263,20.7292763157895,18.5338815789474,-41.3115131578947,-35.3601973684211,36.0496710526316,63.6088815789474,57.446052631579,0.727960526315789,10.3315789473684,56.508552631579,40.335197368421,-92.1713815789474,-90.2509868421053,14.0388157894737,5.58848684210526,-7.36184210526316,7.04111842105263,-26.8825657894737,-0.114473684210526,-5.47171052631579,2.4625,-16.6911184210526,-10.7141447368421,7.75921052631579,3.55164473684211,15.7786184210526,11.9963815789474,-63.1940789473684,-57.9361842105263,-47.7151315789474,-41.775,0.634210526315789,-23.7904605263158,25.8868421052632,25.6766447368421,-52.3677631578947,-69.635197368421,-73.7532894736842,-45.0108552631579,-62.2950657894737,-51.4546052631579,-27.1809210526316,-29.2536184210526,-11.0930921052632,35.5582236842105
7.80701754385965,38.9929824561404,47.2526315789474,-14.9859649122807,63.4035087719298,618.768421052632,1624.66666666667,364.105263157895,-39.0771929824561,566.119298245614,744.00701754386,631.249122807018,9.81754385964912,-62.5263157894737,80.7649122807018,-50.6421052631579,73.4385964912281,-33.1543859649123,-31.4842105263158,-42.3614035087719,-57.9473684210526,-110.687719298246,-87.5333333333333,-104.501754385965,58.0736842105263,30.6385964912281,-1.02456140350877,-2.76140350877193,-3.29473684210526,11.8350877192982,-20.7684210526316,31.5543859649123,-35.5684210526316,135.729824561404,49.9964912280702,5.77894736842105,5.50175438596491,22.0315789473684,58.6105263157895,47.3438596491228,24.9859649122807,10.4771929824561,27.1649122807018,34.0105263157895,20.3649122807018,-83.7087719298246,-23.1157894736842,106.870175438596,-29.880701754386,-19.9578947368421,51.3052631578947,-2.48070175438597,35.1649122807018,78.9824561403509,46.2421052631579,30.0070175438597,66.7684210526316,60.4315789473684,76.8280701754386,0.270175438596491,-24.9789473684211,-18.059649122807,-8.15087719298246,42.9508771929825,22.6,59.1438596491228,62.1754385964912,16.0245614035088,-58.7929824561404,-64.5438596491228,-55.680701754386,-82.8771929824561,-27.5964912280702,-62.0350877192982,-38.5368421052632,-68.5473684210526,-63.7614035087719,-49.1298245614035,-1.56491228070175
-10.1289473684211,-84.3934210526316,-36.5684210526316,9.79868421052632,21.9065789473684,105.622368421053,364.105263157895,1590.11052631579,385.675,598.846052631579,452.572368421053,-10.6513157894737,-620.568421052632,-91.1289473684211,71.2407894736842,-38.3,65.7026315789474,-2.00526315789474,-27.6078947368421,-123,-162.678947368421,-111.703947368421,-132.814473684211,-47.6447368421053,-31.1578947368421,-48.8236842105263,-49.175,-26.7894736842105,-26.0723684210526,4.27105263157895,32.9157894736842,-13.4513157894737,-92.9473684210526,17.7486842105263,130.280263157895,8.10921052631579,18.2644736842105,4.375,-21.6381578947368,85.2618421052632,-21.7,1.22236842105263,-136.631578947368,-82.0921052631579,-96.4013157894737,-52.0276315789474,-5.76710526315789,25.1342105263158,-19.925,59.8578947368421,-23.5565789473684,29.3381578947368,-60.8578947368421,-32.35,32.5552631578947,37.2513157894737,24.4434210526316,-23.4368421052632,-4.31447368421053,-11.6802631578947,-0.577631578947368,-95.228947368421,-86.5763157894737,-50.3131578947368,-64.8052631578947,-35.2421052631579,-19.3039473684211,15.5789473684211,124.048684210526,23.6026315789474,-59.4197368421053,-42.9184210526316,-38.4592105263158,-71.8065789473684,33.5184210526316,-29.1868421052632,-37.3565789473684,-11.3986842105263,-21.7828947368421
206.568640350877,-6.17949561403509,-143.207894736842,174.908004385965,195.929714912281,-89.4615131578947,-39.0771929824561,385.675,2841.66567982456,617.146162280702,106.413706140351,175.055153508772,456.264035087719,369.815131578947,111.567653508772,-30.4355263157895,-51.3550438596491,6.93201754385965,-64.9046052631579,-146.643859649123,-104.761842105263,-56.9211622807018,-101.742653508772,39.1510964912281,-283.210526315789,-26.3892543859649,-113.262609649123,-73.2859649122807,-61.0009868421053,-59.9620614035088,-127.463157894737,24.2551535087719,-230.123684210526,131.482346491228,71.8248903508772,28.6523026315789,0.784100877192982,-78.2154605263158,-56.4950657894737,23.7202850877193,9.75482456140351,-102.815021929825,-98.2859649122807,-104.601973684211,-269.974451754386,-49.5547149122807,-23.8746710526316,5.08969298245614,-48.596600877193,94.3434210526316,9.61743421052632,-50.8360745614035,-0.732017543859649,-16.5015350877193,-139.784868421053,-41.9902412280702,100.956907894737,-11.1039473684211,23.0051535087719,96.2584429824561,26.2884868421053,108.53399122807,101.483114035088,32.518201754386,40.5828947368421,10.2587719298246,-23.6001096491228,-41.8324561403509,-21.0066885964912,180.023464912281,95.9691885964912,42.4449561403509,10.061951754386,-45.9836622807018,32.2453947368421,-71.3440789473684,40.9156798245614,5.52883771929825,-12.9847587719298
113.291885964912,-45.5612938596491,-115.728947368421,32.0485745614035,9.7452850877193,472.168092105263,566.119298245614,598.846052631579,617.146162280702,3861.39462719298,1658.1586622807,880.261951754386,1220.92543859649,301.803289473684,584.294188596491,165.198684210526,221.320833333333,85.0732456140351,-49.3559210526316,-176.956140350877,-66.2013157894737,-58.9196271929825,-123.124451754386,-110.795833333333,-94.021052631579,162.397149122807,65.7928728070175,36.9280701754386,-18.6292763157895,-58.9353070175439,-54.4421052631579,-13.3696271929825,129.344736842105,87.0347587719298,248.160635964912,44.8674342105263,19.511951754386,-84.1358552631579,51.8674342105263,35.899451754386,71.4820175438597,-17.7205043859649,-53.1245614035088,-65.0269736842105,-72.7531798245614,-242.041337719298,-202.124013157895,-17.8081140350877,73.1558114035088,118.051315789474,158.625986842105,-38.3941885964912,-229.16798245614,-141.101096491228,-91.2282894736842,-109.28475877193,-47.3450657894737,-124.911842105263,-173.088048245614,-15.6650219298246,87.9759868421053,-45.2050438596491,-55.0173245614035,-175.852412280702,-194.377631578947,-138.585087719298,-51.4512061403509,-51.3885964912281,114.265899122807,-25.7366228070175,-125.841557017544,-135.637061403509,-65.1948464912281,-135.55975877193,-12.8111842105263,-110.990131578947,-67.3038377192982,-17.9169956140351,70.9281798245614
-27.6537280701754,203.976425438596,47.25,127.549451754386,175.261951754386,601.649671052632,744.00701754386,452.572368421053,106.413706140351,1658.1586622807,3032.99989035088,2262.60317982456,546.195614035088,174.808552631579,455.514364035088,72.5776315789474,210.733114035088,89.5188596491228,29.7019736842105,-88.2859649122807,-101.559210526316,-152.304714912281,-76.3762061403509,-95.6607456140351,-22.4315789473684,110.019956140351,24.1393640350877,12.5350877192982,-24.2213815789474,-124.358114035088,60.2526315789474,-6.01787280701754,-44.8026315789474,30.1093201754386,124.186074561404,69.9753289473684,6.4531798245614,-79.9069078947368,-39.8878289473684,33.9933114035088,66.8679824561404,-15.2248903508772,-29.1912280701754,-3.55855263157895,-40.0172149122807,-174.273793859649,-37.2319078947368,122.372587719298,205.809320175439,155.188157894737,174.265460526316,-27.3722587719298,-19.8451754385965,-66.5975877192982,-82.2546052631579,-57.7593201754386,-56.9055921052632,-71.5434210526316,-67.8415570175439,23.113048245614,46.3733552631579,-24.1120614035088,-31.9734649122807,-95.8331140350877,-80.2934210526316,-31.2622807017544,-41.7520833333333,-49.5640350877193,81.0808114035088,15.9247807017544,-11.7354166666667,-75.6037280701754,-33.8729166666667,-83.2237938596491,-114.963815789474,-143.153289473684,-89.9099780701754,-0.828399122807018,-2.04989035087719
-75.8313596491228,209.91524122807,113.160526315789,335.097478070175,613.708662280702,664.927960526316,631.249122807018,-10.6513157894737,175.055153508772,880.261951754386,2262.60317982456,4452.65515350877,1267.23245614035,718.846710526316,287.178179824561,63.0486842105263,128.560745614035,5.59517543859649,-17.8625,-203.875438596491,-269.972368421053,-190.026425438597,-126.605811403509,-181.112061403509,221.031578947368,79.7054824561403,44.4531798245614,13.8508771929825,-12.70625,43.8484649122807,-56.3684210526316,-62.0816885964912,-205.986842105263,37.0297149122807,120.709100877193,186.515460526316,68.2156798245614,-40.6259868421053,46.2523026315789,55.2044956140351,128.01798245614,12.2376096491228,-12.6122807017544,11.7769736842105,-37.7428728070175,-191.428399122807,-185.916776315789,8.50021929824561,28.1507675438597,181.817105263158,194.575328947368,-79.825548245614,-105.763596491228,-64.406798245614,-103.216447368421,-120.706030701754,-37.2115131578947,-96.7039473684211,-179.047478070175,-99.6468201754386,81.6463815789474,-21.5502192982456,-26.3274122807018,5.04451754385965,63.8355263157895,12.9008771929825,-166.768530701754,-151.621929824561,-8.43826754385965,23.3603070175439,-34.5676535087719,-47.7866228070175,-48.0643640350877,-74.4468201754386,-131.586184210526,-175.996710526316,-124.494846491228,15.5077850877193,-12.6584429824561
-23.0649122807018,107.067543859649,22.7368421052632,-150.485087719298,-48.5429824561404,400.428947368421,9.81754385964912,-620.568421052632,456.264035087719,1220.92543859649,546.195614035088,1267.23245614035,4942.87719298246,1408.56315789474,183.427192982456,-55.7684210526316,-30.6122807017544,-126.645614035088,-67.5631578947368,78.0877192982456,152.705263157895,-54.5570175438597,43.4043859649123,11.3175438596491,123.831578947368,82.9456140350877,20.3114035087719,42.6666666666667,-1.39210526315789,-13.7245614035088,-33.0526315789474,-33.3464912280702,-69.7894736842105,-152.058771929825,-168.683333333333,-227.365789473684,-194.978070175439,-117.876315789474,-98.428947368421,81.4587719298246,34.8140350877193,-69.5956140350877,105.371929824561,30.1210526315789,-83.9833333333333,-200.067543859649,-299.792105263158,-165.675438596491,45.0570175438597,48.0736842105263,-24.1815789473684,-199.100877192982,-93.4701754385965,-56.9456140350877,-182.215789473684,-136.45701754386,-22.1605263157895,-45.9157894736842,-79.630701754386,10.3850877192982,102.186842105263,21.2017543859649,1.14561403508772,-90.0824561403509,-62.4210526315789,-75.1017543859649,-47.5043859649123,-64.4035087719298,-214.167543859649,-204.90350877193,-147.279824561404,36.1245614035088,34.2728070175439,93.3850877192982,-133.784210526316,-152.310526315789,-23.7675438596491,13.3798245614035,29.6359649122807
-188.146052631579,-99.8138157894737,-23.6578947368421,99.5111842105263,178.883552631579,103.409868421053,-62.5263157894737,-91.1289473684211,369.815131578947,301.803289473684,174.808552631579,718.846710526316,1408.56315789474,2113.26973684211,277.6375,62.9026315789474,135.153947368421,92.6447368421053,-13.4276315789474,-105.4,-137.055263157895,-123.474342105263,-27.6138157894737,-116.851315789474,85.5052631578947,18.8223684210526,27.8032894736842,39.2210526315789,24.5625,45.9855263157895,-34.1684210526316,-161.226973684211,-289.489473684211,-10.8111842105263,23.0967105263158,20.2717105263158,-59.7901315789474,-27.9348684210526,-89.8967105263158,26.5848684210526,-165.45,-141.121710526316,-64.2210526315789,-37.1592105263158,-7.64671052631579,-66.8546052631579,-93.5111842105263,5.78026315789474,-45.2217105263158,78.6184210526316,66.6625,23.3203947368421,-127.886842105263,-141.556578947368,-136.393421052632,-51.8361842105263,-2.52171052631579,-33.5289473684211,-96.4006578947368,-9.79671052631579,179.036184210526,-44.5118421052632,-35.9539473684211,-20.4802631578947,-27.6289473684211,-6.3,-69.7269736842105,-56.2684210526316,-170.913815789474,-47.1223684210526,-58.9322368421053,38.3960526315789,-1.15460526315789,25.7296052631579,-63.7592105263158,-118.317105263158,15.6519736842105,15.6046052631579,41.1440789473684
17.7436403508772,149.640899122807,82.85,-36.0781798245614,-7.83673245614035,76.4036184210526,80.7649122807018,71.2407894736842,111.567653508772,584.294188596491,455.514364035088,287.178179824561,183.427192982456,277.6375,790.981469298246,-1.96447368421053,49.4357456140351,75.4083333333333,17.3572368421053,-19.3491228070175,-61.5434210526316,-2.16129385964912,-17.8485745614035,-158.379166666667,-32.5684210526316,60.7752192982456,63.8854166666667,42.1140350877193,33.9957236842105,-27.5712719298246,-23.1894736842105,-59.1376096491228,40.3552631578947,13.8843201754386,40.7873903508772,18.1950657894737,-14.0981359649123,-12.2529605263158,5.16348684210526,2.17620614035088,31.3258771929825,-5.59725877192982,26.4929824561403,61.6861842105263,38.313048245614,-92.8224780701754,-3.24638157894737,-16.7668859649123,6.51063596491228,62.5618421052632,50.6194078947368,-18.4498903508772,-17.4504385964912,8.0734649122807,13.2901315789474,-1.31326754385965,-21.7726973684211,-2.78026315789474,17.996600877193,29.0801535087719,21.4957236842105,-6.41469298245614,-0.907675438596491,9.27478070175439,23.4592105263158,11.9587719298246,32.6229166666667,33.4675438596491,-30.7599780701754,-24.2936403508772,-43.2551535087719,-30.6379385964912,-19.0742324561404,-31.0251096491228,-56.0769736842105,-59.4980263157895,-30.703399122807,-22.9481359649123,5.3093201754386
-41.8657894736842,-89.0302631578947,-23.6631578947368,14.5513157894737,14.4907894736842,15.0381578947368,-50.6421052631579,-38.3,-30.4355263157895,165.198684210526,72.5776315789474,63.0486842105263,-55.7684210526316,62.9026315789474,-1.96447368421053,196.742105263158,91.7131578947368,18.9736842105263,-32.5552631578947,-59.6947368421053,-9.84736842105263,8.95394736842105,18.5592105263158,-5.55,15.6421052631579,27.8921052631579,6.725,6.23157894736842,1.64868421052632,6.0078947368421,16.5157894736842,26.2381578947368,49.0526315789474,29.4907894736842,27.0539473684211,43.2618421052632,30.0276315789474,10.3381578947368,-7.96973684210526,-24.7539473684211,43.5210526315789,-28.0144736842105,13.1684210526316,15.2763157894737,9.66710526315789,18.3460526315789,43.4171052631579,24.9131578947368,-26.3513157894737,1.39473684210526,26.6065789473684,-7.99342105263158,-32.6894736842105,-14.8763157894737,-24.7921052631579,-21.9013157894737,1.73289473684211,-11.2368421052632,-28.4776315789474,-33.675,36.6381578947368,5.29736842105263,5.86578947368421,-7.57631578947368,-7.82631578947368,3.04210526315789,18.0065789473684,18.3368421052632,93.3171052631579,42.4973684210526,16.2907894736842,-2.48684210526316,-4.05394736842105,-7.94868421052632,-16.2605263157895,-15.5973684210526,-19.3723684210526,6.93289473684211,-5.80921052631579
-39.8793859649123,-29.0015350877193,-7.7421052631579,51.7866228070175,40.443201754386,39.6256578947368,73.4385964912281,65.7026315789474,-51.3550438596491,221.320833333333,210.733114035088,128.560745614035,-30.6122807017544,135.153947368421,49.4357456140351,91.7131578947368,287.473245614035,122.767543859649,23.0881578947368,6.76140350877193,-1.27631578947368,-24.0445175438596,37.5353070175439,10.3241228070175,17.5578947368421,6.03640350877193,19.5804824561404,16.8456140350877,-1.64276315789474,-43.1758771929825,48.0421052631579,-31.3866228070175,27.4052631578947,32.6853070175439,54.4212719298246,41.1717105263158,38.3765350877193,24.0598684210526,6.47697368421053,1.88837719298246,-1.24649122807018,-0.583114035087719,-11.3228070175439,-39.053947368421,-40.122149122807,-30.0142543859649,50.2625,35.5311403508772,-72.2620614035088,-20.6236842105263,36.0993421052632,45.2484649122807,21.8535087719298,-50.0969298245614,-2.68815789473684,3.82521929824561,-24.4217105263158,9.17631578947368,12.3975877192982,4.01206140350877,23.1888157894737,4.14780701754386,3.30219298245614,-6.02061403508772,-16.7657894736842,3.95614035087719,-3.91820175438597,-32.9035087719298,22.0844298245614,29.7688596491228,33.2800438596491,14.515350877193,3.55241228070175,9.86469298245614,-11.5486842105263,-30.1065789473684,-16.9603070175439,9.95021929824561,8.26162280701754
-4.47456140350877,53.4495614035088,31.6315789473684,58.3311403508772,19.6232456140351,-15.3171052631579,-33.1543859649123,-2.00526315789474,6.93201754385965,85.0732456140351,89.5188596491228,5.59517543859649,-126.645614035088,92.6447368421053,75.4083333333333,18.9736842105263,122.767543859649,220.671929824561,53.7236842105263,10.680701754386,-48.4684210526316,-32.2995614035088,47.1337719298246,9.70087719298246,-8.43157894736842,3.9780701754386,3.72938596491228,25.0701754385965,5.13552631578947,-21.2570175438597,1.07368421052632,-41.194298245614,-5.85263157894737,13.6758771929825,32.4951754385965,43.3539473684211,31.584649122807,24.6039473684211,7.08026315789474,-15.9811403508772,-23.1456140350877,-1.18728070175439,7.45964912280702,-3.66578947368421,11.0188596491228,-12.0811403508772,28.525,30.3359649122807,-43.3135964912281,11.9842105263158,-8.30657894736842,8.30745614035088,-0.124561403508772,-37.9833333333333,3.67631578947368,20.155701754386,-6.26447368421053,11.5736842105263,11.6688596491228,-18.1864035087719,52.725,-3.14649122807018,-4.9219298245614,-25.6728070175439,-40.4684210526316,-37.8035087719298,-49.2258771929825,-37.9754385964912,-19.6311403508772,13.4535087719298,28.6021929824561,25.5254385964912,21.0311403508772,25.1293859649123,18.0921052631579,4.09210526315789,26.0583333333333,11.9425438596491,17.1337719298246
15.6513157894737,60.5769736842105,44.1736842105263,4.0625,-24.4677631578947,-13.0256578947368,-31.4842105263158,-27.6078947368421,-64.9046052631579,-49.3559210526316,29.7019736842105,-17.8625,-67.5631578947368,-13.4276315789474,17.3572368421053,-32.5552631578947,23.0881578947368,53.7236842105263,100.280263157895,84.6105263157895,6.30789473684211,-44.6572368421053,32.4611842105263,37.6197368421053,-42.7052631578947,-38.5697368421053,-8.12434210526316,-10.2631578947368,-8.98881578947368,-27.3013157894737,-26.5789473684211,-21.9467105263158,7.5,3.01644736842105,-0.596710526315789,2.33355263157895,12.9848684210526,17.1506578947368,-5.27697368421053,9.78881578947368,13.5236842105263,19.0743421052632,-24.6315789473684,-24.1144736842105,-11.8532894736842,4.30197368421053,3.76907894736842,-22.1802631578947,-14.4888157894737,9.15,1.61644736842105,5.28486842105263,15.0868421052632,-1.50657894736842,14.5513157894737,14.4519736842105,5.05328947368421,15.95,21.6059210526316,22.0125,2.20065789473684,-23.2039473684211,-24.1828947368421,-30.8986842105263,-38.0973684210526,-22.5947368421053,-25.6993421052632,-10.5421052631579,-8.79671052631579,-8.03552631578947,8.79013157894737,11.7407894736842,7.12828947368421,-0.608552631578947,-4.26184210526316,-11.2934210526316,-11.3414473684211,-0.925657894736842,20.4611842105263
34.2456140350877,18.9175438596491,6.62105263157895,-40.8719298245614,-66.1456140350877,-43.7210526315789,-42.3614035087719,-123,-146.643859649123,-176.956140350877,-88.2859649122807,-203.875438596491,78.0877192982456,-105.4,-19.3491228070175,-59.6947368421053,6.76140350877193,10.680701754386,84.6105263157895,253.424561403509,210.915789473684,34.2614035087719,85.0333333333333,46.059649122807,-48.0421052631579,-75.3017543859649,-25.7385964912281,-34.6280701754386,-11.0263157894737,-20.1824561403509,15.5368421052632,-23.9280701754386,7.56842105263158,-9.5140350877193,-80.7912280701754,-38.6157894736842,12.6929824561404,29.9,-5.05789473684211,-0.970175438596491,20.3298245614035,14.6122807017544,-27.8912280701754,-52.7789473684211,-62.9175438596491,12.1245614035088,-4.60526315789474,-59.5438596491228,-58.2929824561404,-40.9894736842105,-45.1631578947368,-34.9245614035088,44.340350877193,15.859649122807,-11,3.01929824561403,-11.7947368421053,1.43157894736842,32.619298245614,34.819298245614,1.25789473684211,-30.2666666666667,-32.9333333333333,-21.9298245614035,-34.5473684210526,-18.9438596491228,-7.58070175438596,-0.67719298245614,-11.7491228070175,-29.3824561403509,-3.93508771929825,-5.04912280701754,-1.53508771929825,10.3666666666667,4.33684210526316,14.9789473684211,8.0719298245614,6.37719298245614,18.7912280701754
41.0394736842105,-30.4092105263158,-51.7578947368421,-40.196052631579,-32.2355263157895,-37.7092105263158,-57.9473684210526,-162.678947368421,-104.761842105263,-66.2013157894737,-101.559210526316,-269.972368421053,152.705263157895,-137.055263157895,-61.5434210526316,-9.84736842105263,-1.27631578947368,-48.4684210526316,6.30789473684211,210.915789473684,332.447368421053,168.132894736842,77.2118421052632,31.2921052631579,-27.4631578947368,-47.75,-17.9907894736842,-46.6842105263158,-11.8144736842105,-3.84473684210526,53.6631578947368,-7.64605263157895,29.0736842105263,-23.6776315789474,-103.009210526316,-43.0855263157895,-0.772368421052632,30.1802631578947,12.4513157894737,-3.61710526315789,54.2789473684211,21.2171052631579,-28.4,-64.7763157894737,-77.396052631579,6.725,-4.95131578947368,-65.7605263157895,-40.0671052631579,-47.8473684210526,-24.3723684210526,-28.1197368421053,23.1210526315789,2.26052631578947,-35.0236842105263,-20.8381578947368,-19.5934210526316,-15.9631578947368,1.81710526315789,27.2828947368421,-4.48815789473684,-15.4078947368421,-19.7236842105263,-23.1552631578947,-35.8894736842105,-15.8,10.4171052631579,-10.0210526315789,41.4223684210526,-14.0710526315789,-21.2986842105263,-24.6552631578947,-15.3592105263158,1.98815789473684,-21.45,13.5078947368421,4.90131578947368,1.38552631578947,9.86447368421053
18.2896929824561,15.7915570175439,-36.9763157894737,-36.5472587719298,-48.825548245614,-53.9851973684211,-110.687719298246,-111.703947368421,-56.9211622807018,-58.9196271929825,-152.304714912281,-190.026425438597,-54.5570175438597,-123.474342105263,-2.16129385964912,8.95394736842105,-24.0445175438596,-32.2995614035088,-44.6572368421053,34.2614035087719,168.132894736842,271.313048245614,100.386293859649,-0.0225877192982456,13.2736842105263,12.9949561403509,20.1873903508772,-25.5280701754386,16.0648026315789,38.9589912280702,38.0631578947368,-7.62642543859649,25.5921052631579,-46.0308114035088,-65.1514254385965,-18.8555921052632,9.9656798245614,41.1450657894737,48.2075657894737,0.570285087719298,22.2811403508772,41.3139254385965,-4.20175438596491,-22.3651315789474,-1.56655701754386,-15.6099780701754,9.91743421052632,-18.8313596491228,-1.62554824561404,-2.51973684210526,48.9042763157895,21.5770833333333,-17.1635964912281,-22.3383771929825,-4.07434210526316,4.31239035087719,-0.240460526315789,3.70657894736842,-20.6764254385965,-9.36524122807018,1.32269736842105,-16.8607456140351,-19.1537280701754,-0.676535087719298,-6.44868421052632,2.47982456140351,-0.808004385964912,-28.6956140350877,-26.8882675438596,-39.9923245614035,-45.6071271929825,-30.4339912280702,-20.8354166666667,-8.3968201754386,-38.3282894736842,8.39802631578947,3.42357456140351,-6.56326754385965,5.97576754385965
-13.0883771929825,111.873574561404,78.9394736842105,-36.3573464912281,-74.611951754386,-23.2101973684211,-87.5333333333333,-132.814473684211,-101.742653508772,-123.124451754386,-76.3762061403509,-126.605811403509,43.4043859649123,-27.6138157894737,-17.8485745614035,18.5592105263158,37.5353070175439,47.1337719298246,32.4611842105263,85.0333333333333,77.2118421052632,100.386293859649,229.310416666667,162.571271929825,4.46315789473684,8.88004385964912,16.2843201754386,1.46491228070175,13.4819078947368,-6.20504385964912,21.0947368421053,-28.1321271929825,15.5605263157895,-11.2803728070175,-30.3571271929825,11.3115131578947,22.8178728070175,52.3148026315789,15.7325657894737,-1.01173245614035,-5.92061403508772,9.06436403508772,6.47543859649123,1.27960526315789,15.0830043859649,55.0553728070175,70.5450657894737,28.9589912280702,-39.4540570175439,-14.6092105263158,9.15296052631579,13.7064692982456,-3.7969298245614,-40.418201754386,20.0072368421053,35.5093201754386,5.48190789473684,8.8171052631579,-4.29791666666667,3.39484649122807,22.5503289473684,-38.1353070175439,-42.6107456140351,-40.0774122807018,-50.7907894736842,-31.0429824561404,-54.8610745614035,-63.4149122807018,-94.3676535087719,-80.1616228070175,-40.5724780701754,1.96688596491228,6.08607456140351,26.5632675438596,33.4638157894737,11.7480263157895,13.0757675438596,-3.29002192982456,7.64725877192982
-24.144298245614,88.2449561403509,72.0052631578947,-105.045833333333,-134.036622807018,7.75986842105263,-104.501754385965,-47.6447368421053,39.1510964912281,-110.795833333333,-95.6607456140351,-181.112061403509,11.3175438596491,-116.851315789474,-158.379166666667,-5.55,10.3241228070175,9.70087719298246,37.6197368421053,46.059649122807,31.2921052631579,-0.0225877192982456,162.571271929825,479.610087719298,84.5263157894737,-5.2390350877193,5.82872807017544,2.48070175438597,1.81776315789474,-12.784649122807,19.4315789473684,19.972149122807,69.1736842105263,22.4686403508772,32.222149122807,37.2690789473684,52.4510964912281,14.4888157894737,-8.07828947368421,5.1155701754386,5.38859649122807,-1.86293859649123,15.2175438596491,55.2565789473684,31.0103070175439,32.3287280701754,80.1440789473684,72.3504385964912,-23.2997807017544,-10.7184210526316,40.4756578947368,67.0423245614035,-4.58508771929825,-98.8530701754386,10.6328947368421,57.0418859649123,22.0282894736842,4.79736842105263,-17.8646929824561,51.1655701754386,25.8493421052632,-11.4504385964912,-16.015350877193,-4.96622807017544,-16.1763157894737,-17.6298245614035,-46.8962719298246,-67.1280701754386,-62.5357456140351,-46.2925438596491,-26.2734649122807,-5.00219298245614,-2.72214912280702,27.6708333333333,52.446052631579,5.68815789473684,13.8195175438596,-10.2594298245614,13.8133771929825
47.5789473684211,71.6842105263158,48.0210526315789,15.0421052631579,0.2,54.0421052631579,58.0736842105263,-31.1578947368421,-283.210526315789,-94.021052631579,-22.4315789473684,221.031578947368,123.831578947368,85.5052631578947,-32.5684210526316,15.6421052631579,17.5578947368421,-8.43157894736842,-42.7052631578947,-48.0421052631579,-27.4631578947368,13.2736842105263,4.46315789473684,84.5263157894737,396.905263157895,25.0315789473684,66.4421052631579,55.4421052631579,49.0631578947368,82.0947368421053,64.4631578947368,-30.3157894736842,-20.5578947368421,55.3157894736842,8.8421052631579,49.5263157894737,45.2421052631579,30.9157894736842,20.9578947368421,-5.94736842105263,9.34736842105263,-1.78947368421053,21.8736842105263,36.1894736842105,33.821052631579,26.0842105263158,61.8947368421053,80.3578947368421,-55.8842105263158,2.85263157894737,10.3789473684211,11.2947368421053,-42.2842105263158,-59.9684210526316,-37.6421052631579,-12.8210526315789,-5.81052631578947,-9.49473684210526,-4.89473684210526,-45.5789473684211,-40.0210526315789,-35.9157894736842,-33.3894736842105,-38.8631578947368,-37.8947368421053,-12.6,-19.5789473684211,-24.3052631578947,-26.4105263157895,-13.1684210526316,-22.2105263157895,25.6421052631579,8.77894736842105,35.3473684210526,-31.6736842105263,-21.2736842105263,-20.9789473684211,-7.23157894736842,18.4421052631579
2.17850877192982,-7.48837719298246,1.3,4.1155701754386,29.272149122807,27.7809210526316,30.6385964912281,-48.8236842105263,-26.3892543859649,162.397149122807,110.019956140351,79.7054824561403,82.9456140350877,18.8223684210526,60.7752192982456,27.8921052631579,6.03640350877193,3.9780701754386,-38.5697368421053,-75.3017543859649,-47.75,12.9949561403509,8.88004385964912,-5.2390350877193,25.0315789473684,175.631140350877,118.467324561404,123.571929824561,55.4493421052632,43.6609649122807,31.9368421052632,6.30548245614035,15.8052631578947,15.7984649122807,1.87127192982456,-13.5519736842105,-17.6892543859649,-8.66907894736842,-0.5625,17.2173245614035,-6.13070175438596,28.0984649122807,61.5824561403509,51.5092105263158,24.627850877193,-17.9800438596491,1.56513157894737,31.7364035087719,7.70372807017544,11.2710526315789,23.1493421052632,13.7089912280702,16.2640350877193,19.034649122807,31.3381578947368,21.0699561403509,11.4703947368421,15.3447368421053,21.3107456140351,24.456798245614,4.85986842105263,25.1741228070175,24.3706140350877,2.1530701754386,9.33947368421053,-5.89649122807018,15.4581140350877,3.11754385964912,-40.8234649122807,-28.1100877192982,-39.4383771929825,-22.0372807017544,-14.8870614035088,-12.343201754386,4.58289473684211,-13.2907894736842,-8.80504385964912,-5.77872807017544,-12.0146929824561
16.4462719298246,14.3632675438596,18.6184210526316,4.79418859649123,11.6382675438596,9.99440789473684,-1.02456140350877,-49.175,-113.262609649123,65.7928728070175,24.1393640350877,44.4531798245614,20.3114035087719,27.8032894736842,63.8854166666667,6.725,19.5804824561404,3.72938596491228,-8.12434210526316,-25.7385964912281,-17.9907894736842,20.1873903508772,16.2843201754386,5.82872807017544,66.4421052631579,118.467324561404,116.963048245614,102.335087719298,49.9759868421053,39.1734649122807,30.8105263157895,-4.77839912280702,16.4394736842105,18.7593201754386,-13.3639254385965,-7.54835526315789,4.3031798245614,12.9641447368421,17.6305921052632,12.9748903508772,-12.0267543859649,30.7935307017544,39.3561403508772,33.2782894736842,14.4696271929825,-9.23958333333333,8.41809210526316,16.0410087719298,-6.27752192982456,20.1039473684211,15.3154605263158,24.2672149122807,8.47061403508772,-0.108114035087719,24.9401315789474,15.6748903508772,1.20756578947368,12.5723684210526,16.4926535087719,21.5367324561403,1.34967105263158,5.91425438596491,5.58969298245614,-7.98574561403509,2.65394736842105,0.495614035087719,18.5189692982456,7.21491228070175,-37.0691885964912,-39.2173245614035,-42.5275219298246,-15.1879385964912,-17.0281798245614,-7.70537280701754,-5.02171052631579,-16.8006578947368,-10.9441885964912,-3.83103070175439,4.81063596491228
37.4666666666667,44.1701754385965,28.4526315789474,9.93859649122807,20.6754385964912,-2.45789473684211,-2.76140350877193,-26.7894736842105,-73.2859649122807,36.9280701754386,12.5350877192982,13.8508771929825,42.6666666666667,39.2210526315789,42.1140350877193,6.23157894736842,16.8456140350877,25.0701754385965,-10.2631578947368,-34.6280701754386,-46.6842105263158,-25.5280701754386,1.46491228070175,2.48070175438597,55.4421052631579,123.571929824561,102.335087719298,134.350877192982,53.5315789473684,30.9438596491228,31.8526315789474,-12.1070175438596,0.494736842105263,33.8964912280702,-7.10701754385965,4.83684210526316,1.79824561403509,9.78421052631579,9.59473684210526,15.5561403508772,-18.9228070175439,25.9385964912281,74.7614035087719,64.5894736842105,25.7035087719298,-7.82280701754386,9.11052631578947,23.9508771929825,8.71754385964912,14.3157894736842,7.79473684210526,0.42280701754386,19.8877192982456,20.7543859649123,26.1052631578947,14.1982456140351,0.721052631578947,12.8315789473684,28.5035087719298,13.9140350877193,6.68947368421053,17.280701754386,17.0561403508772,-3.75087719298246,5.92631578947368,-10.9543859649123,6.73508771929825,4.19649122807018,-38.6333333333333,-18.8035087719298,-34.2087719298246,-5.67017543859649,-9.05087719298246,1.16666666666667,10.6736842105263,-13.9894736842105,-8.13859649122807,-8.5280701754386,-3.18771929824561
36.7230263157895,44.1819078947368,27.9289473684211,-10.6884868421053,-7.75098684210526,-1.94572368421053,-3.29473684210526,-26.0723684210526,-61.0009868421053,-18.6292763157895,-24.2213815789474,-12.70625,-1.39210526315789,24.5625,33.9957236842105,1.64868421052632,-1.64276315789474,5.13552631578947,-8.98881578947368,-11.0263157894737,-11.8144736842105,16.0648026315789,13.4819078947368,1.81776315789474,49.0631578947368,55.4493421052632,49.9759868421053,53.5315789473684,41.4832236842105,37.9888157894737,23.4,-8.29572368421053,-8.6921052631579,13.7911184210526,3.97927631578947,1.63125,9.4016447368421,4.76348684210526,1.32598684210526,8.49572368421053,-10.975,6.22006578947368,39.0052631578947,34.1243421052632,9.47467105263158,5.71546052631579,18.1569078947368,20.8230263157895,-10.1615131578947,-3.33026315789474,-6.58256578947368,8.15690789473684,12.7697368421053,8.97565789473684,15.4361842105263,15.9220394736842,4.58848684210526,15.6539473684211,25.2542763157895,13.6759868421053,-7.78519736842105,-0.757236842105263,-0.594078947368421,2.33223684210526,3.40394736842105,-6.43947368421053,-2.56151315789474,-2.03947368421053,-41.8628289473684,-30.9098684210526,-23.1325657894737,-7.39013157894737,-4.92401315789474,-0.0292763157894737,-5.04934210526316,-5.30197368421053,-10.2246710526316,-7.54835526315789,0.997697368421053
