1723.29462719298,580.206030701754,-451.595285087719,-17.499451754386,108.985526315789,286.961513157895,240.088925438597,-247.894188596491,-168.340570175439,-85.0836622807018,-146.002850877193,-188.088706140351,-166.835197368421,78.4076754385965,526.054714912281,89.116447368421,-107.893859649123,-54.7444078947368,-24.3893640350877,90.727850877193,63.9256578947368,-214.466885964912,-36.5987938596491,-184.101206140351,-208.535964912281,103.602850877193,77.5997807017544,-71.31875,175.604276315789,193.910526315789,151.429824561404,-19.8115131578947,-321.103728070175,-155.231688596491,46.5407894736842,260.395833333333,115.99451754386,73.9169956140351,-182.829495614035,-169.263157894737,65.6241228070175,109.511074561404,85.0825657894737,33.7939692982456,-56.2824561403509,-17.4510964912281,-17.4485745614035,131.792543859649,146.707236842105,-61.6694078947368,-17.1600877192982,268.810855263158,69.7675438596491,-135.837938596491,-20.1240131578947,53.5436403508772,80.8014254385965,116.128179824561,59.2893640350877,-29.6208333333333,-71.5787280701754,136.909868421053,32.2358552631579,-136.590789473684,-59.0405701754386,-62.4922149122807,-360.342324561404,-644.777850877193,-692.141776315789,-420.49100877193,-300.471600877193,-236.029824561404,-118.872916666667,-32.147697368421,28.2498903508772,7.92489035087719,-24.6953947368421,-64.5094298245614,-38.8930921052632
580.206030701754,1308.79462719298,700.17225877193,325.964583333333,121.606578947368,237.916776315789,511.730153508772,172.590899122807,116.826096491228,78.590899122807,-71.1379385964912,-120.942214912281,-3.02203947368421,68.177850877193,180.527521929825,60.5006578947368,-29.3535087719298,-29.3628289473684,-66.1218201754386,29.6524122807018,14.6782894736842,-55.331798245614,-10.7189692982456,-29.3810307017544,-7.38508771929825,138.674780701754,48.6857456140351,-13.4371710526316,76.54375,147.036842105263,91.4017543859649,112.927960526316,130.368201754386,100.521820175439,134.877631578947,116.387061403509,79.3225877192982,132.481030701754,1.7906798245614,9.10526315789474,29.3469298245614,23.7961622807018,6.26940789473684,17.0790570175439,11.7245614035088,42.1155701754386,112.829495614035,97.494298245614,98.1546052631579,52.3648026315789,112.604824561404,39.1292763157895,-135.193859649123,-121.387061403509,-162.558223684211,-26.152850877193,-53.678399122807,-89.4288377192982,-59.9992324561403,-46.3699561403509,-12.4857456140351,8.75723684210526,18.2384868421053,-66.5697368421053,-30.7686403508772,18.1876096491228,-109.866885964912,-209.291885964912,-128.38125,-184.362938596491,-118.735635964912,-91.0964912280702,18.3367324561403,42.6075657894737,68.024451754386,15.699451754386,-9.18486842105263,-12.097149122807,-9.82730263157895
-451.595285087719,700.17225877193,3617.53410087719,1575.66589912281,394.811842105263,176.686513157895,793.028837719298,1238.41853070175,751.097149122807,275.450109649123,-11.1826754385965,-57.4382675438597,-52.3075657894737,-592.551096491228,-658.910635964912,-30.2177631578947,240.225438596491,-75.0746710526316,-179.773135964912,-50.3923245614035,14.6388157894737,29.1918859649123,-83.7992324561403,386.836074561404,559.888596491228,-89.206798245614,-229.590570175439,-42.0305921052632,-124.720723684211,13.6368421052632,-104.556140350877,116.137171052632,468.007675438596,306.478399122807,144.135526315789,-123.852412280702,4.24627192982456,67.8639254385965,127.741995614035,110.936842105263,-84.4372807017544,-231.923574561404,-214.687171052632,-124.288048245614,83.6087719298246,157.691885964912,343.162390350877,176.162719298246,114.325657894737,176.226644736842,155.620614035088,-189.161513157895,-241.614912280702,-82.5160087719298,-320.014802631579,-250.260745614035,-228.124451754386,-268.038048245614,-254.905811403509,-76.0725877192982,-220.883114035088,-284.271710526316,-108.636513157895,-12.8592105263158,-25.981798245614,50.3547149122807,299.919956140351,510.679166666667,540.401644736842,115.639692982456,72.4998903508772,86.819298245614,72.3669956140351,-39.4279605263158,88.3178728070175,24.6402412280702,71.7230263157895,64.7475877192983,8.58190789473684
-17.499451754386,325.964583333333,1575.66589912281,1566.43936403509,498.514473684211,323.639802631579,648.41326754386,1012.68673245614,782.787061403509,233.465679824561,-113.775219298246,-97.888048245614,-71.1661184210526,-158.912061403509,-182.941995614035,51.4072368421053,263.55350877193,71.4536184210526,-108.637390350877,-35.3129385964912,59.1401315789474,-53.7497807017544,-20.3691885964912,258.827083333333,535.321929824561,167.817324561403,-22.2831140350877,29.0411184210526,113.173355263158,100.647368421053,0.903508771929825,144.03125,229.950219298246,215.205811403509,66.7486842105263,-35.5160087719298,33.2695175438596,168.746600877193,131.626425438596,79.2842105263158,-23.9627192982456,-70.7922149122807,-43.4075657894737,0.982785087719298,106.454385964912,184.392324561404,276.584978070175,226.33201754386,176.063815789474,172.657565789474,212.800438596491,15.7299342105263,-71.6587719298246,28.4423245614035,-105.616776315789,-95.7497807017544,-53.1071271929825,-102.825109649123,-64.4415570175439,-30.9063596491228,-138.990570175439,-149.286184210526,-13.9634868421053,-32.5828947368421,30.9923245614035,132.129495614035,224.637938596491,315.036622807018,206.745723684211,30.0550438596491,-24.8051535087719,-29.5140350877193,-93.3564692982456,-111.572039473684,-84.8020833333333,44.8860745614035,37.7927631578947,46.1260964912281,42.9128289473684
108.985526315789,121.606578947368,394.811842105263,498.514473684211,912.889473684211,741.456578947368,802.222368421053,754.998684210526,485.413157894737,206.430263157895,-13.0605263157895,-83.6565789473684,23.6802631578947,172.907894736842,186.590789473684,202.739473684211,139.178947368421,-19.5671052631579,-24.1539473684211,66.6973684210526,39.9447368421053,-72.4394736842105,-118.072368421053,6.91447368421053,134.105263157895,-62.8026315789474,-50.3342105263158,-56.9065789473684,-63.4776315789474,5.7578947368421,20.0631578947368,102.743421052632,108.834210526316,102.259210526316,95.2578947368421,48.0289473684211,122.276315789474,154.538157894737,100.275,17.3368421052632,-42.4157894736842,-31.4539473684211,-9.975,21.6671052631579,26.4526315789474,65.4868421052632,135.746052631579,166.615789473684,114.397368421053,167.427631578947,64.6368421052632,30.2013157894737,66.2315789473684,-74.6605263157895,-124.075,-75.45,-62.9276315789474,-43.3434210526316,-64.1513157894737,-51.0552631578947,-162.960526315789,-88.5921052631579,-47.3302631578947,-51.0157894736842,3.91842105263158,66.8065789473684,117.928947368421,149.976315789474,-57.3671052631579,-88.1605263157895,-72.2197368421053,-56.178947368421,-75.9092105263158,-60.475,-26.5092105263158,28.2434210526316,84.7868421052632,31.8710526315789,34.8171052631579
286.961513157895,237.916776315789,176.686513157895,323.639802631579,741.456578947368,993.427960526316,835.98125,690.739802631579,428.091447368421,203.224013157895,-16.8532894736842,-74.9884868421053,64.2351973684211,431.588815789474,490.499671052632,266.799342105263,26.7394736842105,35.9444078947368,84.74375,140.075657894737,114.295394736842,-96.6348684210526,-108.608223684211,-79.3865131578947,32.7605263157895,-117.020394736842,-34.7927631578947,-26.08125,-36.19375,0.415789473684211,52.3421052631579,121.158881578947,65.0967105263158,37.8667763157895,27.975,47.6217105263158,121.949342105263,147.275986842105,26.2680921052632,-34.0315789473684,-19.4802631578947,-0.402302631578947,-5.72467105263158,-6.49572368421053,30.5631578947368,121.780921052632,125.51875,215.330263157895,160.3875,184.627302631579,80.4197368421053,74.6523026315789,90.9657894736842,-99.9375,-127.033881578947,-42.7717105263158,-46.2575657894737,-2.77730263157895,-54.8121710526316,-93.3756578947368,-168.396710526316,-73.6467105263158,-46.99375,-78.7986842105263,-27.9243421052632,69.7799342105263,51.3388157894737,-17.4572368421053,-256.826644736842,-221.933552631579,-212.542434210526,-135.121052631579,-60.3305921052632,-33.7049342105263,-35.6990131578947,6.56282894736842,44.2217105263158,12.4848684210526,38.2404605263158
240.088925438597,511.730153508772,793.028837719298,648.41326754386,802.222368421053,835.98125,1360.73410087719,981.786951754386,553.307675438596,239.355372807018,-33.9195175438596,-96.5751096491228,80.81875,217.038377192982,271.226206140351,235.013815789474,105.699122807018,27.0516447368421,18.1426535087719,96.8603070175439,6.77565789473684,-198.134429824561,-173.946600877193,31.6887061403509,68.530701754386,-78.7436403508772,-56.3589912280702,-115.967434210526,-53.0680921052632,35.9,49.4438596491228,150.410855263158,112.53399122807,97.0573464912281,44.9671052631579,27.431798245614,118.498903508772,176.737609649123,7.42620614035088,-31.3578947368421,-30.0899122807018,-44.113048245614,-12.8345394736842,-7.60383771929825,14.4614035087719,116.523464912281,211.951864035088,265.457456140351,218.704605263158,293.574013157895,135.241666666667,99.34375,69.5535087719298,-97.2107456140351,-144.246381578947,-92.6186403508772,-76.7455043859649,-28.4696271929825,-98.1584429824561,-36.5357456140351,-140.04100877193,-38.4611842105263,-7.39440789473684,-66.4171052631579,15.818201754386,118.870504385965,129.783114035088,107.647587719298,-112.103618421053,-150.770833333333,-116.026425438596,-79.0228070175439,-68.411951754386,-79.522697368421,-29.6084429824561,5.86129385964912,74.9335526315789,37.031798245614,15.7924342105263
-247.894188596491,172.590899122807,1238.41853070175,1012.68673245614,754.998684210526,690.739802631579,981.786951754386,1501.73410087719,914.460745614035,319.99725877193,-65.3541666666667,-114.124890350877,-34.71875,-73.3857456140351,-232.105153508772,146.396710526316,260.006140350877,116.637828947368,28.4520833333333,20.5291666666667,44.5296052631579,54.5133771929825,-119.195504385965,139.484978070175,353.258771929825,-138.287938596491,-99.6725877192982,-33.4799342105263,-93.4634868421053,-30.3,2.34561403508772,197.152302631579,358.244956140351,246.526864035088,54.0434210526316,-5.87390350877193,62.7958333333333,186.046600877193,83.3685307017544,18.9052631578947,-87.5627192982456,-137.544846491228,-81.4338815789474,-20.3277412280702,100.654385964912,194.844956140351,213.979714912281,203.995175438597,126.958552631579,279.768092105263,236.516228070175,-36.8648026315789,-4.13245614035088,16.3791666666667,-131.579934210526,-114.349780701754,-47.8702850877193,-101.493530701754,-113.22576754386,-11.5695175438596,-158.685307017544,-173.065131578947,-65.3055921052632,-5.53026315789474,45.8554824561404,182.671600877193,403.585307017544,588.468201754386,335.972039473684,105.423464912281,-72.3683114035088,-66.6719298245614,-83.3827850877193,-81.1036184210526,-72.0915570175439,17.9650219298246,88.4243421052632,70.3576754385965,48.98125
-168.340570175439,116.826096491228,751.097149122807,782.787061403509,485.413157894737,428.091447368421,553.307675438596,914.460745614035,951.031140350877,378.481798245614,48.0504385964912,-29.5633771929825,-53.9967105263158,13.755701754386,-80.181798245614,129.559210526316,223.70350877193,33.5638157894737,-74.8910087719298,-42.3899122807018,90.4934210526316,138.410087719298,-73.5800438596491,144.285307017544,333.261403508772,-25.8188596491228,-39.5969298245614,56.8046052631579,14.0190789473684,31.2,32.119298245614,172.461184210526,321.199561403509,218.859429824561,48.2815789473684,-29.1521929824561,61.234649122807,179.472587719298,155.849780701754,71.8526315789474,12.1885964912281,-43.9813596491228,-25.0559210526316,62.4160087719298,81.880701754386,113.336403508772,109.16951754386,106.767543859649,73.425,144.924342105263,100.893859649123,-16.2203947368421,23.5385964912281,56.8364035087719,-129.742763157895,-83.6951754385965,-26.1936403508772,-103.947149122807,-47.8774122807018,14.8495614035088,-87.255701754386,-124.548684210526,-39.9809210526316,-39.7394736842105,-29.1162280701754,44.3489035087719,144.687280701754,269.33201754386,151.842763157895,-34.2732456140351,-139.571271929825,-82.6771929824561,-106.542324561404,-38.758552631579,-83.893201754386,24.4252192982456,48.8934210526316,64.5214912280702,48.4559210526316
-85.0836622807018,78.590899122807,275.450109649123,233.465679824561,206.430263157895,203.224013157895,239.355372807018,319.99725877193,378.481798245614,411.881469298246,277.898464912281,257.117214912281,217.186513157895,131.266885964912,114.284320175439,69.6388157894737,121.458771929825,89.8273026315789,33.4626096491228,6.60285087719298,46.3085526315789,133.523903508772,35.1623903508772,118.242872807018,179.279824561404,47.5225877192982,59.0116228070175,21.8779605263158,-10.8529605263158,6.73157894736842,-10.5070175438596,92.7944078947368,164.023903508772,119.000548245614,50.9065789473684,-6.85285087719298,-9.66732456140351,55.8360745614035,68.0422149122807,64.3052631578947,19.6688596491228,23.1604166666667,24.21875,25.5775219298246,59.4017543859649,34.8660087719298,18.9902412280702,24.1109649122807,27.1164473684211,22.9259868421053,45.2320175438596,31.5667763157895,27.330701754386,54.831798245614,1.13585526315789,18.5765350877193,58.5086622807018,43.5064692982456,36.9847587719298,70.3252192982456,38.9989035087719,0.398026315789474,6.56809210526316,-29.7934210526316,-23.5655701754386,8.89265350877193,5.4905701754386,64.1945175438596,23.6878289473684,15.6024122807018,4.36853070175439,11.5701754385965,61.7856359649123,-24.8720394736842,-42.6705043859649,-7.81392543859649,23.6138157894737,9.19978070175439,15.5075657894737
-146.002850877193,-71.1379385964912,-11.1826754385965,-113.775219298246,-13.0605263157895,-16.8532894736842,-33.9195175438596,-65.3541666666667,48.0504385964912,277.898464912281,592.894298245614,498.777850877193,372.590131578947,233.336403508772,166.969956140351,8.42763157894737,114.759649122807,80.2453947368421,70.6344298245614,-37.5390350877193,-55.4907894736842,74.3135964912281,105.957675438596,92.3370614035088,31.8859649122807,-13.4521929824561,20.8048245614035,22.9651315789474,-72.2151315789474,-59.8842105263158,-61.3508771929825,-17.4361842105263,38.3030701754386,24.5655701754386,21.9657894736842,-61.455701754386,-46.1214912280702,-21.7265350877193,-8.54583333333333,64.7157894736842,58.9956140350877,45.172149122807,15.6203947368421,-23.1357456140351,-21.2175438596491,-25.4758771929825,-53.347149122807,-97.0043859649123,-120.180263157895,-89.4151315789474,-3.99385964912281,-21.9914473684211,-28.580701754386,73.6241228070175,101.901973684211,26.7767543859649,10.6265350877193,71.7010964912281,31.4918859649123,47.7425438596491,113.500438596491,50.4565789473684,24.0269736842105,30.2394736842105,18.4925438596491,-19.3449561403509,-74.4267543859649,-71.0030701754386,0.861184210526316,85.3179824561404,148.264692982456,112.529824561404,161.293640350877,42.4335526315789,8.0234649122807,14.8366228070175,-13.2381578947368,-8.01359649122807,-21.5677631578947
-188.088706140351,-120.942214912281,-57.4382675438597,-97.888048245614,-83.6565789473684,-74.9884868421053,-96.5751096491228,-114.124890350877,-29.5633771929825,257.117214912281,498.777850877193,587.257785087719,438.209539473684,222.293640350877,151.727521929825,-66.7835526315789,103.709649122807,145.616118421053,93.5939692982456,-6.65285087719298,-24.1006578947368,38.9524122807018,122.670504385965,123.713706140351,35.2991228070175,-44.1883771929825,21.2436403508772,18.4680921052632,-70.4141447368421,-94.5315789473684,-107.966666666667,-45.2088815789474,-36.5054824561403,-22.6360745614035,4.01447368421053,-67.7813596491228,-96.4879385964912,-92.7189692982456,-55.3251096491228,54.1052631578947,42.4732456140351,62.5961622807018,21.0483552631579,-36.1209429824561,-20.0228070175439,-48.8739035087719,-74.9915570175439,-108.695175438596,-109.613815789474,-95.7509868421053,4.86798245614035,-14.0075657894737,22.490350877193,114.791885964912,162.210197368421,74.4787280701754,45.7952850877193,97.7185307017544,74.1902412280702,96.4089912280702,177.724780701754,116.494078947368,58.6911184210526,16.8934210526316,9.36820175438596,-23.096600877193,-72.3405701754386,-78.9760964912281,27.9134868421053,116.889692982456,174.001206140351,146.671929824561,163.357785087719,38.5549342105263,-9.8281798245614,-1.65844298245614,-42.1743421052632,-38.9076754385965,-42.1009868421053
-166.835197368421,-3.02203947368421,-52.3075657894737,-71.1661184210526,23.6802631578947,64.2351973684211,80.81875,-34.71875,-53.9967105263158,217.186513157895,372.590131578947,438.209539473684,485.512171052632,355.611184210526,272.06875,4.35855263157895,73.6289473684211,145.066118421053,140.266776315789,47.2611842105263,-38.2322368421053,-8.85986842105263,92.9240131578947,68.4180921052632,4.0078947368421,22.7361842105263,39.5296052631579,-5.32927631578947,-52.9325657894737,-52.5421052631579,-86.1421052631579,-33.6641447368421,-1.33881578947368,22.8595394736842,26.9934210526316,-48.4427631578947,-50.7282894736842,-54.3391447368421,-33.5101973684211,52,32.5855263157895,18.3496710526316,-7.66480263157895,-50.6832236842105,-11.9526315789474,-8.67565789473684,-3.65559210526316,-46.2039473684211,-54.7980263157895,-42.1641447368421,25.6013157894737,-5.09440789473684,0.644736842105263,43.0006578947368,106.465460526316,57.8348684210526,15.6786184210526,62.5141447368421,25.7700657894737,50.9756578947368,95.1019736842105,53.9730263157895,16.1516447368421,-20.7276315789474,-5.38092105263158,-4.57993421052632,-47.5703947368421,-55.5006578947368,29.4898026315789,104.596710526316,156.647697368421,138.742105263158,154.951644736842,35.9154605263158,-6.34309210526316,3.07927631578947,-8.17960526315789,-27.2532894736842,-23.8825657894737
78.4076754385965,68.177850877193,-592.551096491228,-158.912061403509,172.907894736842,431.588815789474,217.038377192982,-73.3857456140351,13.755701754386,131.266885964912,233.336403508772,222.293640350877,355.611184210526,821.189035087719,666.485745614035,117.206578947368,-38.5245614035088,94.4875,134.802850877193,90.5767543859649,-31.0697368421053,-88.7600877192982,38.7576754385965,-174.231359649123,-127.019298245614,31.8741228070175,42.7416666666667,53.3651315789474,22.4480263157895,-32.3368421052632,-28.940350877193,-44.6677631578947,-41.6337719298246,-42.7607456140351,-58.1394736842105,-48.1504385964912,-29.7320175438596,-12.8949561403509,-42.9984649122807,27.4842105263158,65.8798245614035,63.7089912280702,32.0835526315789,-18.2094298245614,-2.76491228070175,42.4083333333333,34.831798245614,35.1219298245614,-5.72763157894737,-12.6572368421053,-10.7833333333333,67.2822368421053,44.0719298245614,-28.0285087719298,42.5335526315789,55.9451754385965,-0.741885964912281,51.6063596491228,33.8603070175439,-52.3100877192982,15.1425438596491,27.0565789473684,3.37434210526316,-39.8657894736842,-24.6758771929825,-14.9660087719298,-103.184649122807,-197.497807017544,-176.654605263158,-108.850438596491,-28.6616228070175,27.1614035087719,56.7041666666667,68.5809210526316,-37.281798245614,9.71030701754386,-55.5434210526316,-50.1293859649123,-19.3361842105263
526.054714912281,180.527521929825,-658.910635964912,-182.941995614035,186.590789473684,490.499671052632,271.226206140351,-232.105153508772,-80.181798245614,114.284320175439,166.969956140351,151.727521929825,272.06875,666.485745614035,1082.45515350877,341.471710526316,-17.5850877192982,120.480592105263,248.061074561404,251.497149122807,65.7282894736842,-132.413377192982,81.7876096491228,-145.529714912281,-158.521929824561,164.840570175439,138.162061403509,51.4878289473684,117.550328947368,95.7631578947368,83.4649122807018,-19.4444078947368,-159.239692982456,-66.1137061403509,7.00921052631579,137.426535087719,116.998903508772,108.713925438596,-15.0185307017544,-16.3578947368421,85.394298245614,119.331688596491,70.9680921052632,38.0093201754386,20.2298245614035,32.4866228070175,31.8702850877193,116.594298245614,96.9625,-57.0917763157895,-35.6530701754386,151.362171052632,21.1008771929825,-155.479166666667,-32.7069078947368,21.8708333333333,4.9202850877193,26.4066885964912,-37.7610745614035,-81.6462719298246,-142.572587719298,5.76513157894737,-35.3970394736842,-173.848684210526,-131.892324561404,-73.6900219298246,-306.695833333333,-523.010307017544,-546.253618421053,-371.323464912281,-227.50274122807,-106.349122807018,21.9433114035088,34.8904605263158,31.1573464912281,62.9849780701754,-16.2401315789474,-38.1418859649123,-1.71546052631579
89.116447368421,60.5006578947368,-30.2177631578947,51.4072368421053,202.739473684211,266.799342105263,235.013815789474,146.396710526316,129.559210526316,69.6388157894737,8.42763157894737,-66.7835526315789,4.35855263157895,117.206578947368,341.471710526316,428.459210526316,100.794736842105,44.2980263157895,143.473026315789,175.864473684211,118.025,-29.1144736842105,-24.2703947368421,18.8493421052632,-28.1105263157895,26.5302631578947,40.9697368421053,-12.3085526315789,11.3427631578947,31.8842105263158,87.4210526315789,56.6690789473684,-3.75657894736842,-9.23092105263158,-14.8131578947368,70.9723684210526,109.327631578947,131.213815789474,70.7453947368421,-30.2736842105263,0.623684210526316,37.0493421052632,56.5572368421053,90.9203947368421,67.4421052631579,24.6118421052632,52.4703947368421,118.834210526316,117.461842105263,75.3743421052632,-6.32368421052632,40.4611842105263,1.93157894736842,-86.2671052631579,-51.5822368421053,-13.4302631578947,1.32828947368421,-33.1796052631579,-52.2309210526316,-25.4328947368421,-110.253947368421,-61.4592105263158,-11.0046052631579,-44.7184210526316,-62.1039473684211,27.3953947368421,-49.8302631578947,-108.448684210526,-208.907236842105,-186.106578947368,-163.928289473684,-109.431578947368,-50.3519736842105,-20.4085526315789,13.8796052631579,31.1980263157895,39.3934210526316,30.0355263157895,35.6953947368421
-107.893859649123,-29.3535087719298,240.225438596491,263.55350877193,139.178947368421,26.7394736842105,105.699122807018,260.006140350877,223.70350877193,121.458771929825,114.759649122807,103.709649122807,73.6289473684211,-38.5245614035088,-17.5850877192982,100.794736842105,340.624561403509,188.786842105263,126.093859649123,65.1666666666667,31.6894736842105,68.4298245614035,20.8008771929825,146.967543859649,125.308771929825,23.0614035087719,51.2754385964912,9.35,-16.6342105263158,-32.2631578947368,-26.5543859649123,11.3763157894737,41.9561403508772,37.6535087719298,-16.7894736842105,5.34912280701754,27.8964912280702,85.169298245614,72.4043859649123,26.9157894736842,-26.9087719298246,-14.1938596491228,-27.1868421052632,-3.14122807017544,24.0912280701754,46.4298245614035,74.5675438596491,-1.51929824561404,-53.7210526315789,47.1236842105263,92.6280701754386,-21.0552631578947,-13.7298245614035,103.587719298246,29.5289473684211,-1.65438596491228,23.9991228070175,-11.8043859649123,24.3271929824561,86.7771929824561,35.6087719298246,1.80526315789474,0.871052631578947,-14.4105263157895,-6.73859649122807,-9.78859649122807,-5.59824561403509,85.6333333333333,132.881578947368,129.391228070175,88.7201754385965,34.1754385964912,20.1412280701754,-10.6394736842105,1.81140350877193,18.2429824561403,7.83684210526316,-4.8719298245614,-40.4447368421053
-54.7444078947368,-29.3628289473684,-75.0746710526316,71.4536184210526,-19.5671052631579,35.9444078947368,27.0516447368421,116.637828947368,33.5638157894737,89.8273026315789,80.2453947368421,145.616118421053,145.066118421053,94.4875,120.480592105263,44.2980263157895,188.786842105263,308.835855263158,190.923355263158,88.7796052631579,51.0493421052632,54.0059210526316,78.0411184210526,52.9325657894737,43.6184210526316,72.7861842105263,89.5848684210526,20.1746710526316,16.8529605263158,13.6578947368421,3.15263157894737,12.26875,-15.9361842105263,-11.2707236842105,-10.8013157894737,32.9756578947368,23.1059210526316,41.1148026315789,-4.11940789473684,-4.69473684210526,-17.6828947368421,14.4430921052632,20.0338815789474,-19.4792763157895,30.4473684210526,61.9585526315789,37.7746710526316,-14.7776315789474,-47.7796052631579,-13.6838815789474,109.943421052632,18.8542763157895,-35.5973684210526,70.7717105263158,73.9588815789474,34.2269736842105,49.1088815789474,38.0549342105263,43.7240131578947,75.7730263157895,60.1519736842105,44.8230263157895,2.37927631578947,-7.53289473684211,17.7585526315789,23.2371710526316,27.1690789473684,54.8546052631579,132.112171052632,118.794078947368,79.8174342105263,37.2052631578947,74.8213815789474,-9.21217105263158,-5.49440789473684,-6.06677631578947,-32.9401315789474,-48.4875,-55.6444078947368
-24.3893640350877,-66.1218201754386,-179.773135964912,-108.637390350877,-24.1539473684211,84.74375,18.1426535087719,28.4520833333333,-74.8910087719298,33.4626096491228,70.6344298245614,93.5939692982456,140.266776315789,134.802850877193,248.061074561404,143.473026315789,126.093859649123,190.923355263158,324.620942982456,248.40899122807,47.7059210526316,17.0563596491228,72.5040570175439,-1.87774122807018,-75.3271929824561,44.6076754385965,80.2212719298246,6.53980263157895,2.83782894736842,-15.8263157894737,-9.82982456140351,-46.8411184210526,-66.3173245614035,-29.063048245614,-35.2986842105263,52.1936403508772,41.6896929824561,39.8198464912281,-5.64418859649123,-12.0842105263158,-12.0662280701754,6.36260964912281,-12.4194078947368,-31.025548245614,14.3982456140351,21.4510964912281,56.1433114035088,16.5232456140351,-29.6546052631579,1.80625,47.1495614035088,7.02072368421053,-28.3149122807018,3.68004385964912,22.7029605263158,6.24583333333333,26.8196271929825,17.6402412280702,-26.5314692982456,-3.7265350877193,-38.431798245614,-21.8361842105263,-34.5305921052632,-41.2513157894737,-36.9594298245614,15.0185307017544,5.05811403508772,13.7989035087719,33.5523026315789,85.7752192982456,61.0400219298246,8.70350877192982,38.5571271929825,-24.6838815789474,13.7501096491228,24.3066885964912,0.516447368421053,-33.8274122807018,-36.1384868421053
90.727850877193,29.6524122807018,-50.3923245614035,-35.3129385964912,66.6973684210526,140.075657894737,96.8603070175439,20.5291666666667,-42.3899122807018,6.60285087719298,-37.5390350877193,-6.65285087719298,47.2611842105263,90.5767543859649,251.497149122807,175.864473684211,65.1666666666667,88.7796052631579,248.40899122807,363.199561403509,201.125,-25.2635964912281,53.9094298245614,36.2695175438596,-57.8122807017544,46.8548245614035,61.6451754385965,-10.1690789473684,16.6559210526316,22.7368421052632,25.9824561403509,18.4769736842105,-32.2741228070175,7.08574561403509,-6.75,98.7004385964912,62.2451754385965,84.4041666666667,15.0234649122807,-32.2736842105263,-33.7482456140351,18.0765350877193,10.8756578947368,-7.90504385964912,10.0280701754386,-5.80043859649123,80.4905701754386,86.009649122807,57.2881578947368,39.7927631578947,26.830701754386,34.2690789473684,10.2649122807018,-55.1004385964912,-66.4111842105263,-38.1162280701754,-8.4515350877193,-48.6787280701754,-66.1247807017544,-42.8030701754386,-89.8135964912281,-32.0223684210526,-33.8493421052632,-63.7710526315789,-63.9793859649123,11.7541666666667,-10.2916666666667,-32.0258771929825,10.0269736842105,5.67412280701754,-26.8081140350877,-66.0771929824561,-47.7160087719298,-59.2796052631579,19.1857456140351,11.3989035087719,-2.14868421052632,-42.3627192982456,-31.0651315789474
63.9256578947368,14.6782894736842,14.6388157894737,59.1401315789474,39.9447368421053,114.295394736842,6.77565789473684,44.5296052631579,90.4934210526316,46.3085526315789,-55.4907894736842,-24.1006578947368,-38.2322368421053,-31.0697368421053,65.7282894736842,118.025,31.6894736842105,51.0493421052632,47.7059210526316,201.125,378.817105263158,75.4302631578947,56.8072368421053,125.940131578947,70.7,9.50131578947368,-19.0013157894737,18.9085526315789,65.4572368421053,95.3368421052632,115.442105263158,163.741447368421,71.6934210526316,49.4098684210526,39.35,123.164473684211,102.956578947368,142.059868421053,80.4125,-10.3157894736842,-22.6552631578947,49.1085526315789,77.4006578947368,56.2901315789474,35.7052631578947,24.8092105263158,53.1401315789474,105.85,104.685526315789,62.4046052631579,56.7657894736842,36.9493421052632,45.0368421052632,-31.6486842105263,-63.6598684210526,-28.7486842105263,-9.32828947368421,-63.8730263157895,-24.6427631578947,4.92763157894737,-29.7144736842105,-4.66710526315789,-14.8585526315789,-30.7657894736842,-37.4855263157895,30.4993421052632,0.0723684210526316,-8.86710526315789,-44.3243421052632,-55.8934210526316,-114.113815789474,-94.2315789473684,-61.4796052631579,-49.7177631578947,22.0467105263158,-21.1348684210526,-2.13026315789474,-28.8144736842105,-10.7585526315789
-214.466885964912,-55.331798245614,29.1918859649123,-53.7497807017544,-72.4394736842105,-96.6348684210526,-198.134429824561,54.5133771929825,138.410087719298,133.523903508772,74.3135964912281,38.9524122807018,-8.85986842105263,-88.7600877192982,-132.413377192982,-29.1144736842105,68.4298245614035,54.0059210526316,17.0563596491228,-25.2635964912281,75.4302631578947,322.37850877193,96.6094298245614,92.5168859649123,133.90350877193,67.3600877192982,49.6451754385965,97.2361842105263,28.4296052631579,51.5578947368421,62.2456140350877,38.5243421052632,160.462719298246,95.1331140350877,47.6710526315789,32.184649122807,45.4978070175439,88.9041666666667,130.912938596491,75.5263157894737,-25.4640350877193,-45.0866228070175,-26.2243421052632,2.44758771929825,59.7438596491228,36.094298245614,12.0747807017544,-23.3271929824561,-35.6907894736842,13.3875,37.4622807017544,-43.9046052631579,-28.1877192982456,54.2469298245614,-30.1638157894737,-15.6109649122807,23.4695175438596,-11.8103070175439,0.975219298245614,7.04956140350877,-18.7188596491228,-53.7802631578947,-43.3809210526316,8.60789473684211,4.88377192982456,-4.73530701754386,43.7925438596491,164.174122807018,197.842763157895,144.726754385965,53.2603070175439,37.8070175438597,27.3734649122807,-18.5269736842105,-20.3247807017544,-12.322149122807,21.1671052631579,24.0162280701754,18.3296052631579
-36.5987938596491,-10.7189692982456,-83.7992324561403,-20.3691885964912,-118.072368421053,-108.608223684211,-173.946600877193,-119.195504385965,-73.5800438596491,35.1623903508772,105.957675438596,122.670504385965,92.9240131578947,38.7576754385965,81.7876096491228,-24.2703947368421,20.8008771929825,78.0411184210526,72.5040570175439,53.9094298245614,56.8072368421053,96.6094298245614,178.165679824561,42.5974780701754,57.0956140350877,142.179166666667,74.5392543859649,66.2220394736842,72.9213815789474,77.7842105263158,62.7771929824561,31.0424342105263,18.2146929824561,53.6643640350877,66.5986842105263,56.5300438596491,29.2603070175439,33.3972587719298,34.2402412280702,30.6105263157895,14.3662280701754,24.4308114035088,26.4917763157895,-7.27050438596491,18.0438596491228,36.7094298245614,52.3027412280702,8.15570175438597,-33.9059210526316,-48.9207236842105,49.4767543859649,-16.0246710526316,-79.8429824561403,18.0383771929825,48.80625,5.37785087719298,10.5843201754386,40.2742324561404,4.15383771929825,-9.47609649122807,17.9239035087719,-7.81907894736842,6.46875,-6.44868421052632,11.7515350877193,31.1722587719298,28.3760964912281,36.1142543859649,97.5700657894737,68.1695175438597,52.4928728070175,30.2017543859649,38.7073464912281,-7.65953947368421,9.90383771929825,9.13146929824561,-9.5296052631579,-11.7962719298246,1.16085526315789
-184.101206140351,-29.3810307017544,386.836074561404,258.827083333333,6.91447368421053,-79.3865131578947,31.6887061403509,139.484978070175,144.285307017544,118.242872807018,92.3370614035088,123.713706140351,68.4180921052632,-174.231359649123,-145.529714912281,18.8493421052632,146.967543859649,52.9325657894737,-1.87774122807018,36.2695175438596,125.940131578947,92.5168859649123,42.5974780701754,316.176206140351,216.062280701754,44.0629385964912,44.502850877193,10.1832236842105,16.2207236842105,-0.163157894736842,-6.00877192982456,81.1838815789474,112.943201754386,106.467214912281,58.6013157894737,38.1646929824561,51.5396929824561,80.9237938596491,82.5860745614035,15.1789473684211,-44.3241228070175,-35.1308114035088,-32.6233552631579,2.23366228070175,21.9035087719298,12.5747807017544,32.7972587719298,44.665350877193,65.1375,74.3680921052632,37.5758771929825,-25.8963815789474,17.7798245614035,47.193201754386,-10.6746710526316,-23.9146929824561,-14.4632675438596,-21.8794956140351,-0.664364035087719,41.6024122807018,17.6866228070175,11.6190789473684,17.3259868421053,-5.825,17.2379385964912,38.2751096491228,45.6344298245614,80.0225877192982,79.4983552631579,50.9673245614035,46.2492324561403,10.6614035087719,20.7189692982456,-23.1351973684211,9.38563596491228,-17.8735745614035,-0.3125,15.0594298245614,0.00230263157894737
-208.535964912281,-7.38508771929825,559.888596491228,535.321929824561,134.105263157895,32.7605263157895,68.530701754386,353.258771929825,333.261403508772,179.279824561404,31.8859649122807,35.2991228070175,4.0078947368421,-127.019298245614,-158.521929824561,-28.1105263157895,125.308771929825,43.6184210526316,-75.3271929824561,-57.8122807017544,70.7,133.90350877193,57.0956140350877,216.062280701754,397.656140350877,139.09298245614,61.0859649122807,59.0973684210526,39.071052631579,49.3368421052632,40.119298245614,136.997368421053,206.029824561404,161.748245614035,92.4210526315789,24.0228070175439,42.9491228070175,93.1482456140351,141.25701754386,77.7894736842105,-17.7719298245614,-39.1201754385965,-12.4289473684211,11.9956140350877,74.5543859649123,88.819298245614,84.009649122807,87.6912280701754,77.3842105263158,48.7131578947368,87.4070175438597,-24.7078947368421,-43.5824561403509,56.3561403508772,-18.5763157894737,-20.1385964912281,24.8938596491228,4.74298245614035,24.4429824561403,44.4087719298246,-8.10701754385965,-43.0052631578947,1.56578947368421,-5.32631578947368,26.9035087719298,45.0114035087719,101.212280701754,195.275438596491,187.913157894737,100.843859649123,33.4149122807018,35.7122807017544,12.530701754386,-45.0815789473684,-27.7464912280702,-2.58859649122807,26.2894736842105,37.9280701754386,30.2605263157895
103.602850877193,138.674780701754,-89.206798245614,167.817324561403,-62.8026315789474,-117.020394736842,-78.7436403508772,-138.287938596491,-25.8188596491228,47.5225877192982,-13.4521929824561,-44.1883771929825,22.7361842105263,31.8741228070175,164.840570175439,26.5302631578947,23.0614035087719,72.7861842105263,44.6076754385965,46.8548245614035,9.50131578947368,67.3600877192982,142.179166666667,44.0629385964912,139.09298245614,466.894298245614,251.879385964912,56.4664473684211,175.657236842105,169.326315789474,110.571929824561,28.2151315789474,81.844298245614,123.539692982456,126.571052631579,74.0872807017544,98.5951754385965,91.0633771929825,131.80899122807,82.7368421052632,45.5412280701754,19.7752192982456,46.3796052631579,40.8304824561404,51.4912280701754,65.0337719298246,114.568201754386,66.4254385964912,46.7592105263158,-35.3848684210526,60.2043859649123,49.2651315789474,-94.2614035087719,-14.9504385964912,-5.18618421052632,-3.76622807017544,18.2576754385965,11.256798245614,-6.21820175438596,-52.984649122807,-69.0583333333333,-61.7513157894737,-29.9217105263158,-64.0815789473684,-13.7241228070175,-5.78135964912281,-32.6995614035088,-39.3232456140351,21.0230263157895,-34.265350877193,29.9879385964912,-12.8035087719298,-0.609429824561403,-56.7388157894737,-43.918201754386,2.68969298245614,14.2697368421053,11.3504385964912,29.6940789473684
77.5997807017544,48.6857456140351,-229.590570175439,-22.2831140350877,-50.3342105263158,-34.7927631578947,-56.3589912280702,-99.6725877192982,-39.5969298245614,59.0116228070175,20.8048245614035,21.2436403508772,39.5296052631579,42.7416666666667,138.162061403509,40.9697368421053,51.2754385964912,89.5848684210526,80.2212719298246,61.6451754385965,-19.0013157894737,49.6451754385965,74.5392543859649,44.502850877193,61.0859649122807,251.879385964912,306.841666666667,52.9309210526316,86.7453947368421,56.2631578947368,49.5122807017544,14.6190789473684,-6.61798245614035,34.7787280701754,65.7447368421053,71.9600877192982,81.4521929824561,77.0339912280702,61.4252192982456,17.0421052631579,28.0798245614035,17.0642543859649,22.0809210526316,12.1353070175439,28.6877192982456,43.4135964912281,40.1554824561403,60.669298245614,60.0144736842105,-5.47565789473684,18.4271929824561,48.9375,-22.7070175438596,2.87149122807018,-12.1638157894737,-4.34429824561404,25.2554824561403,37.2774122807018,7.81030701754386,-28.7574561403509,-38.8837719298246,7.525,-16.0651315789474,-57.7184210526316,-15.5232456140351,-14.7212719298246,-21.5793859649123,-9.9030701754386,12.3164473684211,-19.834649122807,7.82521929824561,-4.50175438596491,-9.26162280701754,-5.72697368421053,-12.5949561403509,2.69188596491228,-16.9907894736842,-16.7872807017544,3.96118421052632
-71.31875,-13.4371710526316,-42.0305921052632,29.0411184210526,-56.9065789473684,-26.08125,-115.967434210526,-33.4799342105263,56.8046052631579,21.8779605263158,22.9651315789474,18.4680921052632,-5.32927631578947,53.3651315789474,51.4878289473684,-12.3085526315789,9.35,20.1746710526316,6.53980263157895,-10.1690789473684,18.9085526315789,97.2361842105263,66.2220394736842,10.1832236842105,59.0973684210526,56.4664473684211,52.9309210526316,268.225328947368,205.620723684211,177.384210526316,151.215789473684,74.0365131578947,80.9256578947368,76.08125,119.601315789474,138.266447368421,105.378289473684,158.400986842105,142.603618421053,111.105263157895,76.6407894736842,49.09375,65.039802631579,59.0266447368421,47.9,40.3361842105263,62.772697368421,55.1881578947368,16.1059210526316,18.9470394736842,-11.8697368421053,2.29309210526316,32.4394736842105,30.1230263157895,2.71480263157895,-14.7848684210526,16.0069078947368,44.7240131578947,39.8865131578947,-33.1625,-24.3414473684211,-26.1493421052632,-10.6845394736842,3.10131578947368,14.7151315789474,36.6049342105263,52.6309210526316,78.9032894736842,34.2878289473684,-40.0361842105263,-53.164802631579,4.12105263157895,-29.4845394736842,-13.1246710526316,-38.5371710526316,-7.71217105263158,-25.5861842105263,-13.7125,-12.7134868421053
175.604276315789,76.54375,-124.720723684211,113.173355263158,-63.4776315789474,-36.19375,-53.0680921052632,-93.4634868421053,14.0190789473684,-10.8529605263158,-72.2151315789474,-70.4141447368421,-52.9325657894737,22.4480263157895,117.550328947368,11.3427631578947,-16.6342105263158,16.8529605263158,2.83782894736842,16.6559210526316,65.4572368421053,28.4296052631579,72.9213815789474,16.2207236842105,39.071052631579,175.657236842105,86.7453947368421,205.620723684211,367.401644736842,298.384210526316,217.868421052632,120.070065789474,36.8875,89.9305921052632,151.625,239.004605263158,181.6875,206.900328947368,127.297697368421,53.7157894736842,78.8276315789474,72.3944078947368,115.727302631579,118.929934210526,34.2473684210526,47.9822368421053,105.799671052632,90.4907894736842,52.4388157894737,2.98059210526316,5.21184210526316,79.61875,-2.81842105263158,-9.20460526315789,17.4470394736842,4.37697368421053,30.2601973684211,45.0746710526316,38.5358552631579,-29.9243421052632,-36.0717105263158,-5.64276315789474,6.42269736842105,-33.0960526315789,1.22434210526316,44.1121710526316,21.6348684210526,-13.6427631578947,-146.091776315789,-165.071710526316,-110.849671052632,-64.0789473684211,-69.1983552631579,-53.8398026315789,-37.55625,-0.849671052631579,-4.41644736842105,-11.5532894736842,9.14638157894737
